x y1 y2 y3 y4 y5 y dy1 dy2 dy3 dy4 dy5 dy
0.000000 1.000000 1.000000 1.000000 1.000000 1.000000 1.000000 -0.000000 -0.000000 -0.000000 -0.000000 -0.000000 -0.000000
0.100000 0.995074 0.995037 0.995025 0.995019 0.995015 0.995034 -0.097080 -0.098519 -0.099007 -0.099254 -0.099402 -0.098652
0.200000 0.981118 0.980581 0.980392 0.980296 0.980238 0.980525 -0.178385 -0.188573 -0.192234 -0.194118 -0.195266 -0.189715
0.300000 0.960224 0.957826 0.956938 0.956474 0.956190 0.957531 -0.235157 -0.263622 -0.274719 -0.280628 -0.284298 -0.267685
0.400000 0.934920 0.928477 0.925926 0.924556 0.923701 0.927516 -0.267120 -0.320164 -0.342936 -0.355599 -0.363662 -0.329896
0.500000 0.907464 0.894427 0.888889 0.885813 0.883854 0.892089 -0.279220 -0.357771 -0.395062 -0.416853 -0.431148 -0.376011
0.600000 0.879527 0.857493 0.847458 0.841680 0.837917 0.852815 -0.277745 -0.378306 -0.430911 -0.463310 -0.485280 -0.407110
0.700000 0.852185 0.819232 0.803213 0.793647 0.787268 0.811109 -0.268103 -0.384874 -0.451606 -0.494925 -0.525346 -0.424971
0.800000 0.826048 0.780869 0.757576 0.743163 0.733317 0.768195 -0.254169 -0.380912 -0.459137 -0.512526 -0.551366 -0.431622
0.900000 0.801410 0.743294 0.711744 0.691560 0.677441 0.725090 -0.238436 -0.369594 -0.455921 -0.517592 -0.564012 -0.429111
1.000000 0.778371 0.707107 0.666667 0.640000 0.620921 0.682613 -0.222392 -0.353553 -0.444444 -0.512000 -0.564474 -0.419373
1.100000 0.756914 0.672673 0.623053 0.589447 0.564900 0.641397 -0.206859 -0.334815 -0.427014 -0.497805 -0.554318 -0.404162
1.200000 0.736968 0.640184 0.581395 0.540657 0.510352 0.601911 -0.192252 -0.314845 -0.405625 -0.477051 -0.535334 -0.385021
1.300000 0.718427 0.609711 0.542005 0.494192 0.458065 0.564480 -0.178747 -0.294656 -0.381901 -0.451634 -0.509397 -0.363267
1.400000 0.701180 0.581238 0.505051 0.450430 0.408643 0.529308 -0.166382 -0.274910 -0.357106 -0.423223 -0.478345 -0.339993
1.500000 0.685114 0.554700 0.470588 0.409600 0.362510 0.496502 -0.155120 -0.256015 -0.332180 -0.393216 -0.443889 -0.316084
1.600000 0.670122 0.529999 0.438596 0.371802 0.319928 0.466089 -0.144891 -0.238202 -0.307787 -0.362734 -0.407551 -0.292233
1.700000 0.656104 0.507020 0.408998 0.337040 0.281019 0.438036 -0.135608 -0.221577 -0.284375 -0.332638 -0.370622 -0.268964
1.800000 0.642971 0.485643 0.381679 0.305241 0.245788 0.412264 -0.127181 -0.206169 -0.262222 -0.303555 -0.334152 -0.246656
1.900000 0.630642 0.465746 0.356506 0.276281 0.214146 0.388664 -0.119523 -0.191956 -0.241484 -0.275918 -0.298954 -0.225567
2.000000 0.619044 0.447214 0.333333 0.250000 0.185934 0.367105 -0.112553 -0.178885 -0.222222 -0.250000 -0.265621 -0.205856
2.100000 0.608111 0.429934 0.312012 0.226218 0.160946 0.347444 -0.106198 -0.166887 -0.204439 -0.225949 -0.234550 -0.187605
2.200000 0.597786 0.413803 0.292398 0.204746 0.138941 0.329535 -0.100392 -0.155885 -0.188092 -0.203820 -0.205977 -0.170833
2.300000 0.588017 0.398726 0.274348 0.185391 0.119664 0.313229 -0.095075 -0.145798 -0.173114 -0.183595 -0.180004 -0.155517
2.400000 0.578756 0.384615 0.257732 0.167966 0.102853 0.298385 -0.090196 -0.136550 -0.159422 -0.165212 -0.156630 -0.141602
2.500000 0.569964 0.371391 0.242424 0.152290 0.088254 0.284865 -0.085709 -0.128066 -0.146924 -0.148576 -0.135775 -0.129010
2.600000 0.561603 0.358979 0.228311 0.138196 0.075619 0.272541 -0.081574 -0.120276 -0.135527 -0.133572 -0.117308 -0.117652
2.700000 0.553639 0.347314 0.215285 0.125526 0.064718 0.261296 -0.077754 -0.113118 -0.125139 -0.120078 -0.101063 -0.107430
2.800000 0.546043 0.336336 0.203252 0.114134 0.055338 0.251021 -0.074219 -0.106532 -0.115672 -0.107965 -0.086854 -0.098248
2.900000 0.538787 0.325991 0.192123 0.103891 0.047286 0.241615 -0.070941 -0.100465 -0.107043 -0.097110 -0.074486 -0.090009
3.000000 0.531847 0.316228 0.181818 0.094675 0.040386 0.232991 -0.067895 -0.094868 -0.099174 -0.087392 -0.063768 -0.082619
3.100000 0.525201 0.307003 0.172265 0.086378 0.034484 0.225066 -0.065060 -0.089699 -0.091994 -0.078699 -0.054513 -0.075993
3.200000 0.518828 0.298275 0.163399 0.078904 0.029441 0.217769 -0.062415 -0.084918 -0.085437 -0.070925 -0.046546 -0.070048
3.300000 0.512712 0.290007 0.155159 0.072166 0.025137 0.211036 -0.059945 -0.080490 -0.079445 -0.063975 -0.039708 -0.064713
3.400000 0.506834 0.282166 0.147493 0.066085 0.021466 0.204809 -0.057633 -0.076383 -0.073964 -0.057760 -0.033852 -0.059918
3.500000 0.501180 0.274721 0.140351 0.060592 0.018338 0.199036 -0.055467 -0.072568 -0.068944 -0.052202 -0.028846 -0.055605
3.600000 0.495736 0.267644 0.133690 0.055625 0.015673 0.193673 -0.053433 -0.069020 -0.064343 -0.047229 -0.024574 -0.051720
3.700000 0.490490 0.260909 0.127470 0.051129 0.013402 0.188680 -0.051521 -0.065716 -0.060120 -0.042776 -0.020932 -0.048213
3.800000 0.485428 0.254493 0.121655 0.047054 0.011468 0.184020 -0.049720 -0.062634 -0.056239 -0.038787 -0.017831 -0.045042
3.900000 0.480542 0.248375 0.116212 0.043358 0.009821 0.179661 -0.048023 -0.059757 -0.052670 -0.035210 -0.015192 -0.042171
4.000000 0.475821 0.242536 0.111111 0.040000 0.008417 0.175577 -0.046422 -0.057067 -0.049383 -0.032000 -0.012949 -0.039564
4.100000 0.471255 0.236956 0.106326 0.036947 0.007220 0.171741 -0.044907 -0.054549 -0.046352 -0.029117 -0.011041 -0.037193
4.200000 0.466836 0.231621 0.101833 0.034167 0.006199 0.168131 -0.043475 -0.052189 -0.043554 -0.026525 -0.009419 -0.035032
4.300000 0.462557 0.226513 0.097609 0.031633 0.005328 0.164728 -0.042117 -0.049975 -0.040968 -0.024192 -0.008041 -0.033059
4.400000 0.458411 0.221621 0.093633 0.029321 0.004584 0.161514 -0.040830 -0.047895 -0.038575 -0.022091 -0.006869 -0.031252
4.500000 0.454389 0.216930 0.089888 0.027208 0.003948 0.158473 -0.039608 -0.045938 -0.036359 -0.020196 -0.005873 -0.029595
4.600000 0.450487 0.212430 0.086356 0.025275 0.003404 0.155590 -0.038446 -0.044096 -0.034304 -0.018484 -0.005025 -0.028071
4.700000 0.446698 0.208108 0.083022 0.023506 0.002939 0.152854 -0.037341 -0.042361 -0.032395 -0.016938 -0.004304 -0.026668
4.800000 0.443017 0.203954 0.079872 0.021883 0.002540 0.150253 -0.036288 -0.040723 -0.030622 -0.015538 -0.003690 -0.025372
4.900000 0.439439 0.199960 0.076894 0.020394 0.002198 0.147777 -0.035285 -0.039176 -0.028972 -0.014270 -0.003166 -0.024174
5.000000 0.435959 0.196116 0.074074 0.019025 0.001904 0.145416 -0.034327 -0.037715 -0.027435 -0.013121 -0.002720 -0.023064
5.100000 0.432572 0.192414 0.071403 0.017766 0.001652 0.143161 -0.033413 -0.036331 -0.026002 -0.012077 -0.002339 -0.022032
5.200000 0.429275 0.188847 0.068871 0.016606 0.001434 0.141007 -0.032540 -0.035022 -0.024664 -0.011128 -0.002014 -0.021073
5.300000 0.426063 0.185408 0.066467 0.015537 0.001247 0.138945 -0.031704 -0.033780 -0.023415 -0.010265 -0.001735 -0.020180
5.400000 0.422933 0.182089 0.064185 0.014551 0.001086 0.136969 -0.030904 -0.032602 -0.022246 -0.009478 -0.001497 -0.019346
5.500000 0.419881 0.178885 0.062016 0.013640 0.000947 0.135074 -0.030138 -0.031484 -0.021153 -0.008761 -0.001294 -0.018566
5.600000 0.416904 0.175791 0.059952 0.012797 0.000826 0.133254 -0.029404 -0.030421 -0.020128 -0.008106 -0.001119 -0.017836
5.700000 0.413999 0.172799 0.057988 0.012016 0.000722 0.131505 -0.028699 -0.029410 -0.019167 -0.007508 -0.000969 -0.017151
5.800000 0.411163 0.169907 0.056117 0.011293 0.000632 0.129822 -0.028023 -0.028449 -0.018265 -0.006961 -0.000840 -0.016507
5.900000 0.408393 0.167108 0.054333 0.010623 0.000554 0.128202 -0.027373 -0.027532 -0.017417 -0.006460 -0.000729 -0.015902
6.000000 0.405688 0.164399 0.052632 0.010000 0.000486 0.126641 -0.026749 -0.026659 -0.016620 -0.006000 -0.000633 -0.015332
6.100000 0.403043 0.161775 0.051007 0.009421 0.000426 0.125135 -0.026148 -0.025826 -0.015871 -0.005578 -0.000551 -0.014795
6.200000 0.400457 0.159232 0.049456 0.008883 0.000375 0.123681 -0.025570 -0.025031 -0.015165 -0.005191 -0.000480 -0.014287
6.300000 0.397928 0.156768 0.047973 0.008382 0.000330 0.122276 -0.025013 -0.024272 -0.014499 -0.004835 -0.000419 -0.013808
6.400000 0.395454 0.154377 0.046555 0.007915 0.000291 0.120918 -0.024477 -0.023547 -0.013871 -0.004507 -0.000365 -0.013353
6.500000 0.393032 0.152057 0.045198 0.007480 0.000257 0.119605 -0.023960 -0.022853 -0.013278 -0.004205 -0.000319 -0.012923
6.600000 0.390661 0.149805 0.043898 0.007074 0.000227 0.118333 -0.023461 -0.022188 -0.012719 -0.003926 -0.000280 -0.012515
6.700000 0.388339 0.147619 0.042653 0.006694 0.000201 0.117101 -0.022980 -0.021553 -0.012189 -0.003669 -0.000245 -0.012127
6.800000 0.386065 0.145494 0.041459 0.006339 0.000178 0.115907 -0.022515 -0.020943 -0.011688 -0.003432 -0.000215 -0.011759
6.900000 0.383836 0.143429 0.040314 0.006007 0.000158 0.114749 -0.022066 -0.020359 -0.011214 -0.003212 -0.000189 -0.011408
7.000000 0.381651 0.141421 0.039216 0.005696 0.000140 0.113625 -0.021632 -0.019799 -0.010765 -0.003009 -0.000166 -0.011074
7.100000 0.379509 0.139469 0.038161 0.005405 0.000124 0.112533 -0.021212 -0.019261 -0.010339 -0.002821 -0.000146 -0.010756
7.200000 0.377408 0.137568 0.037147 0.005131 0.000111 0.111473 -0.020807 -0.018745 -0.009935 -0.002647 -0.000129 -0.010452
7.300000 0.375347 0.135719 0.036173 0.004875 0.000098 0.110442 -0.020414 -0.018249 -0.009552 -0.002485 -0.000114 -0.010163
7.400000 0.373325 0.133918 0.035236 0.004634 0.000088 0.109440 -0.020033 -0.017772 -0.009188 -0.002334 -0.000100 -0.009886
7.500000 0.371340 0.132164 0.034335 0.004408 0.000078 0.108465 -0.019665 -0.017314 -0.008842 -0.002195 -0.000089 -0.009621
7.600000 0.369392 0.130455 0.033467 0.004195 0.000070 0.107516 -0.019308 -0.016873 -0.008512 -0.002065 -0.000079 -0.009367
7.700000 0.367478 0.128789 0.032632 0.003994 0.000063 0.106591 -0.018962 -0.016448 -0.008199 -0.001944 -0.000070 -0.009125
7.800000 0.365599 0.127164 0.031827 0.003806 0.000056 0.105690 -0.018626 -0.016039 -0.007901 -0.001831 -0.000062 -0.008892
7.900000 0.363753 0.125580 0.031051 0.003628 0.000050 0.104812 -0.018301 -0.015646 -0.007617 -0.001726 -0.000055 -0.008669
8.000000 0.361939 0.124035 0.030303 0.003460 0.000045 0.103956 -0.017985 -0.015266 -0.007346 -0.001628 -0.000049 -0.008455
8.100000 0.360156 0.122527 0.029581 0.003302 0.000040 0.103121 -0.017678 -0.014900 -0.007088 -0.001537 -0.000043 -0.008249
8.200000 0.358403 0.121054 0.028885 0.003153 0.000036 0.102306 -0.017380 -0.014546 -0.006842 -0.001452 -0.000039 -0.008052
8.300000 0.356679 0.119617 0.028213 0.003012 0.000033 0.101511 -0.017090 -0.014205 -0.006606 -0.001372 -0.000034 -0.007862
8.400000 0.354984 0.118213 0.027563 0.002878 0.000029 0.100734 -0.016809 -0.013876 -0.006382 -0.001297 -0.000031 -0.007679
8.500000 0.353317 0.116841 0.026936 0.002752 0.000027 0.099975 -0.016535 -0.013558 -0.006167 -0.001227 -0.000027 -0.007503
8.600000 0.351677 0.115501 0.026330 0.002633 0.000024 0.099233 -0.016269 -0.013251 -0.005962 -0.001162 -0.000025 -0.007334
8.700000 0.350063 0.114191 0.025743 0.002519 0.000022 0.098508 -0.016010 -0.012954 -0.005766 -0.001100 -0.000022 -0.007170
8.800000 0.348475 0.112910 0.025176 0.002412 0.000020 0.097799 -0.015758 -0.012667 -0.005578 -0.001043 -0.000020 -0.007013
8.900000 0.346911 0.111657 0.024628 0.002311 0.000018 0.097105 -0.015513 -0.012389 -0.005398 -0.000989 -0.000018 -0.006861
9.000000 0.345372 0.110432 0.024096 0.002215 0.000016 0.096426 -0.015274 -0.012121 -0.005226 -0.000938 -0.000016 -0.006715
9.100000 0.343856 0.109233 0.023582 0.002123 0.000015 0.095762 -0.015042 -0.011860 -0.005061 -0.000890 -0.000014 -0.006573
9.200000 0.342363 0.108059 0.023084 0.002036 0.000013 0.095111 -0.014815 -0.011608 -0.004902 -0.000845 -0.000013 -0.006437
9.300000 0.340893 0.106911 0.022601 0.001954 0.000012 0.094474 -0.014595 -0.011364 -0.004751 -0.000803 -0.000012 -0.006305
9.400000 0.339444 0.105786 0.022134 0.001876 0.000011 0.093850 -0.014379 -0.011128 -0.004605 -0.000764 -0.000010 -0.006177
9.500000 0.338017 0.104685 0.021680 0.001801 0.000010 0.093239 -0.014169 -0.010899 -0.004465 -0.000726 -0.000009 -0.006054
9.600000 0.336610 0.103606 0.021240 0.001730 0.000009 0.092639 -0.013965 -0.010676 -0.004331 -0.000691 -0.000008 -0.005934
9.700000 0.335224 0.102549 0.020814 0.001663 0.000008 0.092052 -0.013765 -0.010461 -0.004202 -0.000658 -0.000008 -0.005819
9.800000 0.333857 0.101514 0.020400 0.001599 0.000007 0.091475 -0.013570 -0.010252 -0.004078 -0.000626 -0.000007 -0.005707
9.900000 0.332510 0.100499 0.019998 0.001538 0.000007 0.090910 -0.013380 -0.010049 -0.003959 -0.000597 -0.000006 -0.005598
10.000000 0.331181 0.099504 0.019608 0.001479 0.000006 0.090356 -0.013194 -0.009852 -0.003845 -0.000569 -0.000006 -0.005493
